0.012566370614359173	2.6840651369104322
0.025132741228718346	2.562106261363068
0.03769911184307752	2.443376260200349
0.05026548245743669	2.327902736541794
0.06283185307179587	2.2157085209117398
0.07539822368615504	2.106811793751414
0.0879645943005142	2.0012262127079934
0.10053096491487339	1.8989610441774207
0.11309733552923254	1.8000212985908122
0.12566370614359174	1.7044078689444504
0.13823007675795088	1.6121176720897281
0.15079644737231007	1.523143792312672
0.16336281798666924	1.4374756267488253
0.1759291886010284	1.3550990321971015
0.18849555921538758	1.2759964729112552
0.20106192982974677	1.2001471689676289
0.21362830044410594	1.1275272448249765
0.22619467105846508	1.0581098777108362
0.23876104167282428	0.9918654454883737
0.25132741228718347	0.9287616736762904
0.26389378290154264	0.8687637813133379
0.27646015351590175	0.8118346253788016
0.289026524130261	0.7579348434987032
0.30159289474462014	0.7070229946864667
0.3141592653589793	0.6590556978859695
0.3267256359733385	0.6139877681023873
0.33929200658769765	0.5717723499253659
0.3518583772020568	0.5323610482657064
0.36442474781641604	0.49570405614446644
0.37699111843077515	0.46175027939043284
0.3895574890451343	0.4304474581171172
0.40212385965949354	0.40174228486766567
0.4146902302738527	0.37558051932961783
0.4272566008882119	0.35190709953712734
0.4398229715025711	0.33066624949170204
0.45238934211693016	0.3118015831462137
0.4649557127312894	0.2952562047088435
0.47752208334564855	0.2809728052369855
0.4900884539600077	0.268893755501213
0.5026548245743669	0.2589611951112366
0.5152211951887261	0.2511171179054816
0.5277875658030853	0.24530345361506717
0.5403539364174443	0.24146214582327918
0.5529203070318035	0.23953522624803691
0.5654866776461628	0.23946488538387772
0.578053048260522	0.24119353954695574
0.5906194188748811	0.24466389437241873
0.6031857894892403	0.24981900482008132
0.6157521601035995	0.256602331749851
0.6283185307179586	0.2649577951326083
0.6408849013323178	0.2748298239673668
0.653451271946677	0.2861634029788404
0.6660176425610361	0.29890411617398027
0.6785840131753953	0.31299818733741674
0.6911503837897545	0.3283925175500151
0.7037167544041136	0.3450347198161628
0.7162831250184729	0.3628731508869122
0.7288494956328321	0.3818569403682379
0.7414158662471911	0.4019360172039396
0.7539822368615503	0.4230611336246796
0.7665486074759095	0.44518388665387487
0.7791149780902686	0.4682567372616093
0.7916813487046279	0.49223302725865437
0.8042477193189871	0.5170669940211482
0.8168140899333463	0.5427137831365376
0.8293804605477054	0.569129459059987
0.8419468311620646	0.5962710138711912
0.8545132017764238	0.6240963742183192
0.8670795723907829	0.6525644065349955
0.8796459430051422	0.6816349206170531
0.8922123136195012	0.71126867164061
0.9047786842338603	0.7414273607041123
0.9173450548482195	0.7720736339740337
0.9299114254625788	0.803171080512641
0.9424777960769379	0.8346842288635825
0.9550441666912971	0.8665785424695502
0.9676105373056563	0.8988204139946954
0.9801769079200154	0.9313771586207098
0.9927432785343746	0.9642170063854629
1.0053096491487339	0.9973090936296231
1.017876019763093	1.0306234536146583
1.0304423903774522	1.0641310063731109
1.0430087609918113	1.0978035478520145
1.0555751316061706	1.1316137384037614
1.0681415022205298	1.1655350906822872
1.0807078728348887	1.1995419569939614
1.093274243449248	1.2336095161568685
1.105840614063607	1.2677137599143253
1.1184069846779663	1.3018314789500036
1.1309733552923256	1.3359402485491745
1.1435397259066846	1.3700184139472678
1.156106096521044	1.4040450754071536
1.168672467135403	1.4380000730618834
1.1812388377497622	1.4718639715612711
1.1938052083641213	1.505618044554536
1.2063715789784806	1.5392442590436277
1.2189379495928399	1.5727252596372765
1.231504320207199	1.6060443527345853
1.2440706908215582	1.6391854906669996
1.2566370614359172	1.6721332558234347
1.2692034320502765	1.704872844783612
1.2817698026646356	1.73739005248228
1.2943361732789946	1.7696712564257289
1.306902543893354	1.8017034009809971
1.319468914507713	1.8334739817559875
1.3320352851220723	1.8649710300886442
1.3446016557364315	1.8961830976602025
1.3571680263507906	1.927099241248892
1.3697343969651499	1.9577090076370176
1.382300767579509	1.9880024186843628
1.3948671381938682	2.0179699565797375
1.4074335088082273	2.047602549281207
1.4199998794225865	2.076891556155288
1.4325662500369458	2.1058287538233924
1.4451326206513049	2.134406322223412
1.4576989912656642	2.162616830894285
1.4702653618800232	2.1904532254896045
1.4828317324943823	2.2179088145257824
1.4953981031087415	2.24497725637027
1.5079644737231006	2.271652546472935
1.5205308443374599	2.2979290048465164
1.533097214951819	2.3238012637966534
1.5456635855661782	2.3492642559065238
1.5582299561805373	2.3743132022758067
1.5707963267948966	2.3989436010179954
1.5833626974092558	2.4231512160151927
1.595929068023615	2.4469320659320535
1.6084954386379742	2.470282413489423
1.6210618092523332	2.493198754996748
1.6336281798666925	2.5156778101437154
1.6461945504810516	2.537716512050493
1.6587609210954108	2.5593119975748415
1.6713272917097701	2.580461597875334
1.6838936623241292	2.60116282922988
1.6964600329384885	2.621413384106816
1.7090264035528475	2.6412111224869523
1.7215927741672068	2.6605540634354865
1.7341591447815659	2.679440376920105
1.7467255153959251	2.6978683758744975
1.7592918860102844	2.7158365085032563
1.7718582566246432	2.73334335082714
1.7844246272390023	2.750387599464687
1.7969909978533616	2.766968064648923
1.8095573684677206	2.7830836634743665
1.82212373908208	2.7987334133741575
1.834690109696439	2.8139164258218066
1.8472564803107983	2.8286319002563127
1.8598228509251575	2.842879118227536
1.8723892215395166	2.8566574377582703
1.8849555921538759	2.869966287920675
1.897521962768235	2.882805163624169
1.9100883333825942	2.8951736206116228
1.9226547039969533	2.9070712706613593
1.9352210746113125	2.918497776991991
1.9477874452256718	2.929452849867349
1.9603538158400309	2.939936242398882
1.9729201864543902	2.949947746542962
1.9854865570687492	2.9594871892907357
1.9980529276831085	2.9685544290474097
2.0106192982974678	2.977149352199022
2.0231856689118266	2.9852718698649454
2.035752039526186	2.9929219148325874
2.048318410140545	3.0000994386732884
2.0608847807549044	3.006804409037144
2.0734511513692637	3.0130368071239833
2.0860175219836226	3.018796625330424
2.098583892597982	3.024083865069077
2.111150263212341	3.028898534760678
2.1237166338267004	3.033240647995141
2.1362830044410597	3.037110221862475
2.1488493750554185	3.0405072754506604
2.1614157456697773	3.0434318285101893
2.1739821162841366	3.045883900284131
2.186548486898496	3.0478635085020507
2.199114857512855	3.0493706685383963
2.211681228127214	3.0504053927335906
2.2242475987415733	3.0509676898773237
2.2368139693559326	3.05105756485472
2.249380339970292	3.0506750184537976
2.261946710584651	3.049820047334355
2.27451308119901	3.0484926441593228
2.2870794518133692	3.0466927978871996
2.2996458224277285	3.0444204942269044
2.312212193042088	3.0416757162543253
2.324778563656447	3.0384584451928554
2.337344934270806	3.0347686613560882
2.349911304885165	3.030606345255528
2.3624776754995245	3.02597147887299
2.3750440461138838	3.0208640470990185
2.3876104167282426	3.015284039338838
2.400176787342602	3.009231451285736
2.412743157956961	3.0027062868650494
2.4253095285713204	2.9957085603488163
2.4378758991856797	2.988238298642984
2.4504422698000385	2.980295543749116
2.463008640414398	2.971880355402646
2.475575011028757	2.962992813888489
2.4881413816431164	2.953633023037015
2.5007077522574757	2.943801113402073
2.5132741228718345	2.9334972456235033
2.5258404934861938	2.922721613975963
2.538406864100553	2.911474450106678
2.5509732347149123	2.8997560269648
2.563539605329271	2.8875666629243626
2.57610597594363	2.874906726104086
2.5886723465579893	2.861776638885968
2.6012387171723486	2.8481768826356957
2.613805087786708	2.8341080026278966
2.626371458401067	2.819570613178827
2.638937829015426	2.8045654029889326
2.6515041996297852	2.7890931406987964
2.6640705702441445	2.7731546806613885
2.676636940858504	2.7567509689323
2.689203311472863	2.739883049482868
2.701769682087222	2.722552070637378
2.714336052701581	2.7047592917380343
2.7269024233159405	2.6865060900402913
2.7394687939302997	2.6677939678413125
2.7520351645446586	2.6486245598450093
2.764601535159018	2.628999640764564
2.777167905773377	2.6089211331676374
2.7897342763877364	2.588391115563872
2.8023006470020957	2.5674118307394913
2.8148670176164545	2.545985694339877
2.827433388230814	2.524115303702451
2.839999758845173	2.5018034469422883
2.8525661294595324	2.479053112291312
2.8651325000738916	2.45586749769377
2.8776988706882505	2.432250020657626
2.8902652413026098	2.4082043283652688
2.902831611916969	2.3837343080416367
2.9153979825313283	2.3588440975825975
2.927964353145687	2.3335380964419272
2.9405307237600464	2.307820976777949
2.9530970943744053	2.2816976948587437
2.9656634649887645	2.2551735027246322
2.978229835603124	2.2282539601072533
2.990796206217483	2.2009449466028093
3.003362576831842	2.1732526740968634
3.015928947446201	2.1451836994389653
3.0284953180605605	2.116744937362153
3.0410616886749198	2.087943673643828
3.053628059289279	2.058787578503904
3.066194429903638	2.0292847202336057
3.078760800517997	1.999443579049778
3.0913271711323564	1.9692730611677485
3.1038935417467157	1.9387825130839182
3.1164599123610746	1.9079817360611542
3.129026282975434	1.876881000806738
3.141592653589793	1.8454910623323175
3.1541590242041524	1.8138231749849072
3.1667253948185117	1.7818891076367203
3.1792917654328705	1.7497011590200242
3.19185813604723	1.7172721731925658
3.204424506661589	1.6846155551177553
3.2169908772759483	1.6517452863434416
3.229557247890307	1.61867594075989
3.2421236185046665	1.5854227004176547
3.2546899891190257	1.5520013713859286
3.267256359733385	1.518428399626164
3.2798227303477443	1.4847208868603083
3.292389100962103	1.450896606405868
3.3049554715764624	1.4169740189518034
3.3175218421908217	1.382972288247005
3.330088212805181	1.348911296670013
3.3426545834195402	1.314811660649399
3.355220954033899	1.2806947458994506
3.3677873246482584	1.246582682436797
3.3803536952626176	1.2124983793392667
3.392920065876977	1.1784655392089565
3.4054864364913358	1.144508672296715
3.418052807105695	1.1106531102453359
3.4306191777200543	1.076925019405699
3.4431855483344136	1.043351413678748
3.455751918948773	1.0099601668326799
3.4683182895631317	0.9767800242449668
3.480884660177491	0.9438406140136852
3.4934510307918503	0.9111724573828817
3.5060174014062095	0.8788069784241304
3.518583772020569	0.8467765129121408
3.5311501426349277	0.8151143163336972
3.5437165132492865	0.7838545709632931
3.5562828838636453	0.7530323919394618
3.5688492544780046	0.7226838322723551
3.581415625092364	0.6928458867111451
3.593981995706723	0.6635564943975174
3.606548366321082	0.6348545402309236
3.6191147369354413	0.6067798548668619
3.6316811075498006	0.5793732132699783
3.64424747816416	0.5526763317403263
3.656813848778519	0.5267318633300643
3.669380219392878	0.5015833915670146
3.6819465900072372	0.47727542239771176
3.6945129606215965	0.45385337426418804
3.707079331235956	0.4313635662256119
3.719645701850315	0.40985320403506525
3.732212072464674	0.3893703640817444
3.744778443079033	0.369963975107688
3.7573448136933925	0.351683797607323
3.7699111843077517	0.3345804008190315
3.7824775549221106	0.31870513721695254
3.79504392553647	0.3041101144124452
3.807610296150829	0.2908481643741405
3.8201766667651884	0.2789728098782831
3.8327430373795477	0.2685382281005139
3.8453094079939065	0.25959921126278945
3.857875778608266	0.25221112425140296
3.870442149222625	0.24642985912383167
3.8830085198369844	0.24231178642570778
3.8955748904513436	0.23991370324150701
3.9081412610657025	0.23929277790731537
3.9207076316800618	0.24050649131802496
3.933274002294421	0.24361257476521908
3.9458403729087803	0.24866894424822716
3.958406743523139	0.25573363120615206
3.9709731141374984	0.26486470962537956
3.9835394847518577	0.27612021948282317
3.996105855366217	0.28955808649422093
4.008672225980576	0.3052360381441832
4.0212385965949355	0.3232115159823187
4.033804967209295	0.34354158418126546
4.046371337823653	0.3662828343602526
4.0589377084380125	0.39149128668985117
4.071504079052372	0.4192222873037073
4.084070449666731	0.4495304020557316
4.09663682028109	0.48246930667334154
4.10920319089545	0.5180916733699208
4.121769561509809	0.5564490539946184
4.134335932124168	0.5975917598106365
4.1469023027385274	0.6415687380089202
4.159468673352887	0.688427445079122
4.172035043967245	0.7382137171765334
4.184601414581604	0.7909716376389014
4.197167785195964	0.8467434018257972
4.209734155810323	0.905569179468953
4.222300526424682	0.96748697474152
4.2348668970390415	1.0325324842709642
4.247433267653401	1.1007389533402883
4.25999963826776	1.172137030539759
4.272566008882119	1.246754621151289
4.285132379496478	1.3246167395664772
4.297698750110837	1.4057453610579538
4.310265120725196	1.4901592732435407
4.322831491339555	1.5778739276013392
4.335397861953914	1.668901291412265
4.347964232568273	1.7632497005259447
4.3605306031826325	1.8609237133629029
4.373096973796992	1.961923966583809
4.385663344411351	2.0662470328741716
4.39822971502571	2.173885281307713
4.41079608564007	2.284826740767842
4.423362456254428	2.3990549669208496
4.435928826868787	2.5165489132471848
4.448495197483147	2.6372828066496434
4.461061568097506	2.761226028167895
4.473627938711865	2.8883429993372136
4.486194309326224	3.0185930747377463
4.498760679940584	3.1519304412858844
4.511327050554943	3.288304024823535
4.523893421169302	3.427657404562303
4.5364597917836615	3.5699287359406857
4.54902616239802	3.715050682448723
4.561592533012379	3.8629503569710417
4.5741589036267385	4.013549273191068
4.586725274241098	4.166763307589772
4.599291644855457	4.322502672560921
4.611858015469816	4.4806719011486775
4.624424386084176	4.6411698438964395
4.636990756698535	4.803889678275031
4.649557127312894	4.968718931134412
4.662123497927253	5.135539514599101
4.674689868541612	5.304227775794508
4.687256239155971	5.474654560763766
4.69982260977033	5.6466852928954125
4.71238898038469	5.820180066148948
4.724955350999049	5.99499375332074
4.737521721613408	6.170976129552072
4.7500880922277675	6.347972011235043
4.762654462842127	6.52582141042204
4.775220833456485	6.7043597047960475
4.7877872040708445	6.883417823205196
4.800353574685204	7.06282244670874
4.812919945299563	7.24239622502682
4.825486315913922	7.421958008227527
4.838052686528282	7.601323093423563
4.850619057142641	7.780303486190167
4.863185427757	7.958708176356672
4.875751798371359	8.13634342775628
4.888318168985718	8.313013081461854
4.900884539600077	8.48851887196621
4.913450910214436	8.662660755709338
4.926017280828796	8.835237251286653
4.938583651443155	9.006045790617549
4.951150022057514	9.174883080286872
4.9637163926718735	9.341545472222574
4.976282763286233	9.50582934280732
4.988849133900592	9.667531479475917
5.001415504514951	9.826449473796522
5.01398187512931	9.982382119983923
5.026548245743669	10.13512981775282
5.039114616358028	10.284494978375745
5.0516809869723875	10.430282432773915
5.064247357586747	10.572299840438331
5.076813728201106	10.710358097948962
5.089380098815465	10.84427174583921
5.101946469429825	10.97385937253376
5.114512840044183	11.098944014075883
5.127079210658542	11.219353548354524
5.139645581272902	11.334921082538926
5.15221195188726	11.44548533243339
5.164778322501619	11.55089099247782
5.177344693115979	11.650989095131774
5.189911063730338	11.74563735840534
5.202477434344697	11.83470052032879
5.215043804959056	11.918050659182528
5.227610175573416	11.99556749835643
5.240176546187775	12.067138694744079
5.252742916802134	12.132660109637493
5.265309287416493	12.192036061134562
5.277875658030852	12.245179557142693
5.290442028645211	12.292012508118829
5.3030083992595705	12.332465918763033
5.31557476987393	12.366480057954258
5.328141140488289	12.39400460629244
5.340707511102648	12.414998780700742
5.353273881717008	12.429431435616817
5.365840252331367	12.437281140393754
5.378406622945726	12.438536232620164
5.3909729935600845	12.433194847157782
5.403539364174444	12.42126492078575
5.416105734788803	12.402764172437342
5.428672105403162	12.377720059099985
5.441238476017522	12.34616970754708
5.453804846631881	12.308159822158206
5.46637121724624	12.263746569176092
5.4789375878605995	12.212995437829978
5.491503958474959	12.155981078850944
5.504070329089317	12.092787120977512
5.516636699703676	12.023505966134332
5.529203070318036	11.948238564042578
5.541769440932395	11.867094167088968
5.554335811546754	11.780190066352976
5.5669021821611135	11.687651309752148
5.579468552775473	11.589610403320817
5.592034923389832	11.486206996696707
5.604601294004191	11.377587553934282
5.61716766461855	11.263905010801482
5.629734035232909	11.145318419761496
5.642300405847268	11.021992583864105
5.654866776461628	10.894097680800881
5.667433147075987	10.761808878393154
5.679999517690346	10.62530594279759
5.6925658883047054	10.484772840718861
5.705132258919065	10.340397336922532
5.717698629533424	10.192370588333516
5.730265000147783	10.040886735997708
5.742831370762142	9.886142496166633
5.755397741376501	9.728336751747943
5.76796411199086	9.567670145334297
5.7805304826052195	9.404344674994276
5.793096853219579	9.238563293976853
5.805663223833938	9.070529515437642
5.818229594448297	8.900447023252722
5.830795965062657	8.728519289944483
5.843362335677016	8.554949202686307
5.855928706291374	8.37993869830637
5.868495076905734	8.203688408152903
5.881061447520093	8.026397313626704
5.893627818134451	7.848262413129164
5.9061941887488105	7.669478401108265
5.91876055936317	7.4902373598323555
5.931326929977529	7.310728464448643
5.943893300591888	7.131137701828893
5.956459671206248	6.951647603638409
5.969026041820607	6.772436993999992
5.981592412434966	6.593680752066835
5.994158783049325	6.415549589751566
6.006725153663684	6.23820984480403
6.019291524278043	6.061823289364711
6.031857894892402	5.886546954071165
6.044424265506762	5.712532967730726
6.056990636121121	5.539928412526116
6.06955700673548	5.368875194663994
6.0821233773498395	5.1995099303312164
6.094689747964199	5.031963846773084
6.107256118578558	4.866362698266694
6.1198224891929165	4.702826696718965
6.132388859807276	4.541470456580988
6.144955230421635	4.382402953734749
6.157521601035994	4.22572749797419
6.170087971650354	4.071541718672112
6.182654342264713	3.919937563199764
6.195220712879072	3.771001307637182
6.2077870834934314	3.6248135792948535
6.220353454107791	3.4814493905455657
6.232919824722149	3.3409781834520023
6.245486195336508	3.203463884658554
6.258052565950868	3.068964970009749
6.270618936565227	2.937534538346475
6.283185307179586	2.809220393926131

